66 58
68 56
44 57
60 35
4 28
50 32
74 71
4 73
73 64
19 29
51 22
16 2
56 80
63 54
5 82
84 81
67 48
18 0
99 73
98 33
49 4
76 27
68 78
49 90
17 0
19 63
70 68
42 52
23 12
73 3
48 20
8 71
20 50
89 61
25 73
42 76
50 93
5 17
89 66
94 2
24 18
52 28
87 68
16 45
24 54
77 38
36 61
47 15
85 39
14 70
98 39
44 45
28 78
3 73
5 39
38 43
80 9
91 13
32 62
38 82
83 3
33 54
87 44
83 71
86 74
49 60
60 54
96 29
27 68
43 78
61 21
69 23
46 68
92 49
41 55
0 83
77 7
79 20
54 52
5 63
87 32
38 18
40 95
84 17
78 31
29 57
50 28
25 42
93 19
59 65
56 4
98 46
40 34
39 40
65 63
33 27
1 10
62 94
51 99
20 17
10 80
72 82
35 9
69 85
46 61
33 13
2 51
44 76
50 51
63 62
26 12
7 25
58 81
53 5
36 95
73 64
45 57
78 14
41 44
85 26
14 78
81 96
87 47
94 55
74 64
33 73
41 42
76 32
36 42
16 18
66 15
43 45
37 90
19 31
35 17
80 46
75 73
13 38
38 78
4 41
26 66
82 2
37 64
75 55
17 31
40 24
31 12
35 33
68 27
16 49
11 88
8 44
78 63
48 81
61 90
47 73
13 88
26 94
40 21
1 92
36 47
8 66
79 37
42 53
74 25
75 78
33 49
27 66
47 64
75 83
59 15
75 2
46 5
56 71
84 9
68 57
79 71
26 72
3 32
10 83
24 76
33 92
67 80
54 10
47 87
75 16
4 27
6 98
49 40
5 11
70 48
71 11
85 35
99 95
53 23
27 34
72 38
42 63
51 44
0 66